These are the results from when I ran the experiment for the second time

computer at (3,3)
[-66.0, -68.0, -64.0, -60.5, -66.66666666666667, -60.25, -57.75, -54.0, -53.0, -55.5, -63.0, -65.5, -57.0, -58.0, -60.6, -61.6, -62.0, -65.2, -69.0, -75.5]

computer at (7, 10)
[-72.0, -72.6, -76.66666666666667, -73.33333333333333, -71.5, -76.5, -66.5, -70.5, -67.0, -73.0, -77.66666666666667, -76.0, -80.0, -79.0, -82.5, -81.0, -80.0, -85.66666666666667, -86.25, -83.0]

computer at (10,3)
[-67.0, -64.0, -67.5, -68.0, -69.25, -68.25, -73.75, -78.33333333333333, -85.25, -85.0, -88.0, -85.5, -87.75, -80.75, -87.5, -87.0, -90.0, -90.0, -89.0, -87.33333333333333]

start at (5,0)
end at (0,7)